0,0.350894799,0.020789031,1.220181753,1.718901475,0.063143032,2.34516478,0.405879357,0.070878121,0.0105149,0.003963969,0.282458017,0.012276791,0.004786161,0.001166133,0.001177771,0.004072198,0.008922052,0.000421995,0.001638744,0,0,0,0.000139153,0,0,0,0,6.88617E-05,2.8838E-05,0,0,0,0.290707151,0.000947509,0.707909905,3.264549892,0.006807639,0.201693599,0.000224908,0.005676909,0,0,0,0,0,0,4.46277E-05,0,0,0,0,0.000444598,0,0,0,0,0,0,0,0,0,0,0,0,0,0,0,0,0,0,0,0,0,0,0,0.002593334,0,3.66784E-05,0.000133415,0,0,0
0.350894799,0,0,0.003297336,0.535691283,0.025393443,0.530425575,0.004406026,0.01545657,0.002129143,0.000724625,0.000740811,0.000223689,0.000125015,0,0.000197654,0.000716829,0.001381292,0.000207591,0.000450883,0,0,0,0.000153113,0,0,0,0,0,0,0,0,0,0.010914093,2.2924E-05,0.000797858,0.011524933,7.29012E-05,9.4654E-05,7.87813E-05,0,0,0,0,0,0,0,0,0,0,0,0,0,0,0,0,0,0,0,0,0,0,0,0,0,0,0,0,0,0,0,0,0,0,0,0,0,0,0,0,0,0,0
0.020789031,0,0,0.059586297,0.000756911,0.000159732,0.011617558,0.012968111,4.07538E-05,8.99777E-05,0,0.00072537,0,0,0,0,0,0,0,0,0,0,0,0,0,0,0,0,0,0,0,0,0,0,0,0.001278544,0.003055063,0,0.00012884,0,0,0,0,0,0,0,0,0,0,0,0,0,0,0,0,0,0,0,0,0,0,0,0,0,0,0,0,0,0,0,0,0,0,0,0,0,0,0,0,0,0,0,0
1.220181753,0.003297336,0.059586297,0,0.102309534,0.003501211,1.440136386,0.292097262,0.005878356,0.001211036,0.001101582,0.129017704,0.020358292,0.009569051,0.002292265,9.24236E-05,0.000100139,0.000634897,1.92411E-05,0.00120685,0,0,0,0,0,0,0,0,2.16153E-05,0,2.47618E-05,0,0,0.015807871,0.000626614,0.755741112,0.917815902,0.001611052,0.134734644,0.000674092,0.000167673,0,0,0,0,0,0,0,0,0,0,0,0.000671012,0,0,1.59471E-05,0,0,0,0,0,0,0,0,0,0,0,0,0,0,0,0,0,0,0,4.33103E-05,0.000930372,0,0,0.000447601,0,0,0.000566503
1.718901475,0.535691283,0.000756911,0.102309534,0,0.846089769,3.02715002,0.277265122,0.056467885,0.034504149,0.000439234,0.277278918,0.072805705,0.000829631,0.000364064,0.004660193,0.017488983,0.005837644,0.002911047,0.002542692,0,0.000126854,0.000250111,0.002954775,7.48455E-05,3.44955E-05,0,0,0,0,2.91243E-05,0,0,0.095035829,0.000268057,0.137017547,0.204329714,0.001703872,0.004764363,0.000788453,0,0,0,0,0,7.70909E-05,6.48775E-05,0.00011161,0,0,0,0,0.000305797,4.60278E-05,0,0,0,0,0,0,0,0,0,0,0,0,0,0,0,0,0,0,0,0,3.70255E-05,0,0.001678401,3.13826E-05,0,0,0,0,0
0.063143032,0.025393443,0.000159732,0.003501211,0.846089769,0,1.09361139,0.655623644,0.361150852,0.514627391,0.003412847,0.052922731,0.251578232,0.009242598,0.002248209,0.094856875,0.134474754,0.030203871,0.025383637,0.015629971,0,0.000348847,0.001033874,0.009433399,0.001105605,0.000219498,0,0,0.000130277,0,0.000794472,3.18078E-05,0.000395335,0.635454926,0.009676997,0.640161949,1.614491664,0.117398047,0.000838222,0.011323581,0.001496092,0,0,0,0,0,0,3.2877E-05,0,7.38364E-05,0,0,0,0.000428751,0,0,0,0,0,0,0,0,0,0,0,0,0,0,0,0,0,0,0,0,0,9.48381E-05,0.001685327,0,0,0,0,0,0
2.34516478,0.530425575,0.011617558,1.440136386,3.02715002,1.09361139,0,4.750174608,1.789695783,0.146602191,0.055503016,0.666796572,0.435261641,0.025066154,0.000802244,0.015015608,0.030324727,0.07546089,0.009165376,0.029390435,4.73747E-05,0.000392219,0.000454566,0.001781735,0,4.18062E-05,0,0,0.000156395,0,1.92096E-05,0,3.48282E-05,0.674684337,0.002161962,1.300838099,2.735910436,0.016487868,0.010619366,0.000708763,7.62003E-05,0,0,0,0,0,2.8627E-05,2.89805E-05,0,0.000164569,0,0,0.000620785,0.001122066,0,0,0,0,0,0,1.95945E-05,0,0,0,0,0,0,0,0,0,0,0,0,0,0,8.09454E-05,0.003869933,0,0,0.000108677,2.23139E-05,0,0
0.405879357,0.004406026,0.012968111,0.292097262,0.277265122,0.655623644,4.750174608,0,3.080688795,2.053275448,2.04604384,0.332917108,0.884748457,0.732444706,0.010382747,0.218227636,0.022577917,0.281816262,0.002581444,0.080548409,0,0,0,5.58857E-05,0,0,0,0,2.21037E-05,0,2.57392E-05,0,0,0.187861839,0.012408743,1.286103185,0.911599148,0.04536838,0.001642591,0.002079319,0.000173744,0,0,0,0,0,0,0,0,0,0,0,0.000192047,0.000104123,0,1.99951E-05,0,0,0,0,0,0,0,0,0,0,0,0,0,0,0,0,0,0,3.70255E-05,3.79841E-05,0.000628022,0,0,0,0,0,0
0.070878121,0.01545657,4.07538E-05,0.005878356,0.056467885,0.361150852,1.789695783,3.080688795,0,2.979410595,0.177576452,0.021380223,0.412538273,0.228951861,0.001206446,0.250901077,0.217696858,0.35769078,0.045500762,0.086308048,0.000148958,0.000460378,0.00244255,0.00485981,0.000886192,2.51869E-05,0,0,2.83504E-05,0,0.000105809,0.000218599,0,1.018627583,0.033960737,1.690918594,2.781537815,0.161307776,0,0.00820082,0.003116025,0,0,0,0,0,0,0,0,3.58933E-05,0,0,0,0.000985347,0.000109949,0,0,0,0,0,0,0,0,0,0,0,0,0,0,0,0,0,0,0,0,0,0.000812241,0,0,0,0,0,0
0.0105149,0.002129143,8.99777E-05,0.001211036,0.034504149,0.514627391,0.146602191,2.053275448,2.979410595,0,4.75195811,0.004094236,0.03086646,0.857167545,0.010203175,3.486968897,2.349220728,1.38189687,0.114158974,0.264908725,0.000643093,0.001874206,0.00561523,0.022231402,0.004445206,0.000350217,0,0,0.000342593,4.68546E-05,0.002996832,0.002499902,0.001280976,1.743398729,0.765778058,1.429422655,6.288367591,0.863880421,3.99221E-05,0.075226779,0.006380906,1.64616E-05,0,0,0,0,0,0,0,3.21564E-05,0,0.000991836,0,9.87164E-05,0.000174182,0.000145406,0,0,0,0,0,0,0,0,0,0,0,0,0,0,0,0,0,0,0,0.000232784,0.000310226,3.03284E-05,0,0,0,0,3.00951E-05
0.003963969,0.000724625,0,0.001101582,0.000439234,0.003412847,0.055503016,2.04604384,0.177576452,4.75195811,0,0.005678007,0.01272172,0.048987105,0.006624801,1.02468053,0.297656857,1.489780494,0.023850651,0.251225691,6.70691E-05,0,0,6.08139E-05,0,0,0,0,0,0,0.00133467,0.000834344,0.000260633,0.02810625,0.035591894,0.036215793,0.109876881,0.020618395,0,0.003255822,0,0,0,0,0,0,0,0,0,0,0.000227702,0.000213402,0,0,0,0,0,0,0,0,0.000170103,0,0,0,0,0,0,0,0,0,0,0,0,0,0,5.1934E-05,0,0,0,0,0,0,0
0.282458017,0.000740811,0.00072537,0.129017704,0.277278918,0.052922731,0.666796572,0.332917108,0.021380223,0.004094236,0.005678007,0,0.276141657,0.073554906,0.02143343,0.000807149,0.000128673,0.002772146,0.000103431,0.006242938,0,0,0,0,0,0,0,0,0,0,2.11861E-05,0,0,0.064965049,0.00232568,2.799378805,1.105412172,0.00834907,0.217317782,0.005166468,0,0.000584524,0,0,0.000447601,0.000171993,0,0.001233771,0.000334489,0,2.03064E-05,0,0.008729831,0.015813945,0.002631283,5.36119E-05,0,0,0,0,2.42502E-05,0,0,0,0,0,0,0,0,0,0,0,0,0,0.001401976,0.00037396,0.198840823,0.00316917,0.000122083,0.01053579,0,0,0
0.012276791,0.000223689,0,0.020358292,0.072805705,0.251578232,0.435261641,0.884748457,0.412538273,0.03086646,0.01272172,0.276141657,0,0.618149535,0.109994259,0.001307616,0.000895884,0.004208719,0.00111176,0.033238138,0,3.17219E-05,0,0.000450404,0,0.000524408,0,0,0,0,0,0,0,0.071072463,0.006349367,3.328489141,0.292896573,0.005033435,0.025096903,0.011126434,0,0,0,0,0.000103868,0.000364097,0.00060378,0.000940435,0.000712175,0.000684385,0,0,0.014929903,0.008321287,0.002974718,0.000147954,0,0,0,0,0,0,0,0,0,0,0,0,0,0,0,0,0,0,0.000156494,0.001791231,0.227155684,0.000719327,5.01585E-05,0,0,0,8.56841E-05
0.004786161,0.000125015,0,0.009569051,0.000829631,0.009242598,0.025066154,0.732444706,0.228951861,0.857167545,0.048987105,0.073554906,0.618149535,0,0.242449663,0.33933367,0.658153815,0.415549888,0.020846046,0.208630337,0.000137822,0,0,0.000360924,0,0.000468598,0,0,0,0,0.002839125,0.001083702,0.000754594,0.086701757,0.559856001,2.302888742,0.626129883,0.152909231,0.03942105,0.0592698,0.001220612,0,0,0,0,0,0,0,8.80832E-05,8.15076E-05,0.0001427,0,0.000488202,0.002106059,0.018887152,0.001326385,0.000292179,0,0,0,0,0,0,0,0,0,0,0,0,0,0,0,0,0,0,0.088087512,0.057273572,0,0,0.008215852,0.000115707,0,0.000563515
0.001166133,0,0,0.002292265,0.000364064,0.002248209,0.000802244,0.010382747,0.001206446,0.010203175,0.006624801,0.02143343,0.109994259,0.242449663,0,0.025648898,0.169153891,0.394004537,0.059674516,0.768448782,0.00079796,0.001444445,0.004360931,0.075174325,0.001817044,0.031249898,0,0,0.000530953,0.000547632,0.00834962,0.001480143,0.002977758,0.045731418,0.360007856,0.576148545,0.04953903,0.006155665,0.000589903,0.744263336,0.000131047,0,0,0,0,0,2.61989E-05,0.000331543,0.000678126,0,0,0,0,9.89081E-05,0.002833854,0.027356351,0,0.000408746,6.55704E-05,0,0.001008066,0,0,0,0.000119529,0,6.94502E-05,0,0,0,0,0,4.81028E-05,0,0.000861711,0.109602398,0.016400825,0.000280696,0.000109702,5.83934E-05,0.021474553,0,0.002510739
0.001177771,0.000197654,0,9.24236E-05,0.004660193,0.094856875,0.015015608,0.218227636,0.250901077,3.486968897,1.02468053,0.000807149,0.001307616,0.33933367,0.025648898,0,2.63046785,0.76272878,0.103203039,0.175178638,8.13663E-05,0.000548081,0.00161083,0.016152888,0.001926442,0.00061619,0,0,0.000303221,0.000212105,0.004685957,0.005821273,0.003149113,0.468026097,0.21765903,0.280809764,1.346964946,0.185566589,0,0.050280657,0.001691167,0,0,0,0,0,0,0,0,0,0,0.000192411,0,4.54926E-05,0.000128979,0,0,0,0,0,0,0,0,0,0,0,0,0,0,0,0,0,0,0,0,0.000287683,3.15513E-05,0,0,0,0,0,0
0.004072198,0.000716829,0,0.000100139,0.017488983,0.134474754,0.030324727,0.022577917,0.217696858,2.349220728,0.297656857,0.000128673,0.000895884,0.658153815,0.169153891,2.63046785,0,2.368775907,2.258110433,0.482289198,0.000198552,0.006848941,0.009145598,0.103919294,0.021651292,0.014016006,2.58526E-05,0,0.006024564,0.00445386,0.306951756,0.1413492,0.035076479,0.829718662,0.333455559,0.577888972,0.915552558,0.119471554,0,0.526035225,0.008443129,0,0,0,0,0,0,0,0,0,0,0,0,0,9.94436E-05,0.001610962,0,0.000105895,7.57334E-05,0,0,0,0,0,0,0,0,0,0,0,0,0,0,0,9.43605E-05,0.005337952,0.000863797,0,0,0,0.001158059,0,0.0018973
0.008922052,0.001381292,0,0.000634897,0.005837644,0.030203871,0.07546089,0.281816262,0.35769078,1.38189687,1.489780494,0.002772146,0.004208719,0.415549888,0.394004537,0.76272878,2.368775907,0,2.090442291,9.816372555,0.785881395,1.328990983,0.728013748,0.290680517,0.157271857,0.012795854,2.48667E-05,0,0.014714796,0.006387801,0.174943737,0.057310692,0.061872158,0.590960145,0.067456446,0.085134362,0.644858056,0.058432413,1.54843E-05,0.111832895,0.000680032,0,0,0,0,0,0,0,0,0,0,0.000195618,0,0,0,0.001132918,0,7.72177E-05,0,0,0,0.000221455,0,0,0,0,0,0,0,0,0,0,0,0,0,6.948E-05,0.000347343,0,0,0,0,0,0.000192678
0.000421995,0.000207591,0,1.92411E-05,0.002911047,0.025383637,0.009165376,0.002581444,0.045500762,0.114158974,0.023850651,0.000103431,0.00111176,0.020846046,0.059674516,0.103203039,2.258110433,2.090442291,0,1.920205495,0.068621772,0.531711953,1.978850962,1.196699284,1.566758727,0.205404344,0.001962224,0.000610897,0.639511655,0.343497721,0.798633304,0.667077017,0.312285064,1.601288228,0.029976404,0.005736002,0.214684162,0.007584919,0,0.989042671,0.008284882,0,0,0,0,0,0,0,0,0,0,0,0,0,0,0.000121334,0,6.5206E-05,2.33342E-05,0,0,0,0,0,0,0,0,0,0,0,0,0,0,0,0,0.000357061,4.75186E-05,0,0,0,0,0,0.000293341
0.001638744,0.000450883,0,0.00120685,0.002542692,0.015629971,0.029390435,0.080548409,0.086308048,0.264908725,0.251225691,0.006242938,0.033238138,0.208630337,0.768448782,0.175178638,0.482289198,9.816372555,1.920205495,0,0.1157443,0.298708824,0.926044119,0.34936249,0.069083952,0.025902769,0,0,0.00771048,0.003026951,0.041422131,0.008550642,0.008571477,0.097849437,0.057808972,0.06019572,0.083266196,0.008289694,0.000353928,0.600259632,0.000408455,0,0,0,0,0,0,0,7.04225E-05,0,0,0,0,3.45209E-05,7.0599E-05,0.000723143,0,0,0.000183392,0,0,0,0,0,0,0,0,0,0,0,0,0,0,0,3.73793E-05,0.000308312,3.63377E-05,0,0,0,0,0,0.000358197
0,0,0,0,0,0,4.73747E-05,0,0.000148958,0.000643093,6.70691E-05,0,0,0.000137822,0.00079796,8.13663E-05,0.000198552,0.785881395,0.068621772,0.1157443,0,0.630724754,0.823127673,0.059082354,0.01447949,0.000511967,0,0,0.000482893,0,5.38399E-05,0,4.71369E-05,0.000511155,0,0,3.22448E-05,0,0,0.000478944,3.58932E-05,0,0,0,0,0,0,0,0,0,0,0,0,0,0,0,0,0,0,0,0,0.000198934,0.000209591,0,0,0,0,0,0,0,0,0,0,0,0,0,0,0,0,0,0,0,0
0,0,0,0,0.000126854,0.000348847,0.000392219,0,0.000460378,0.001874206,0,0,3.17219E-05,0,0.001444445,0.000548081,0.006848941,1.328990983,0.531711953,0.298708824,0.630724754,0,4.027793739,0.696420402,0.287404097,0.001003519,0,0,0.011170144,0.002365169,0.002203632,0.000768104,0.00023803,0.00476846,0,0,0.001784522,3.45208E-05,0,0.003297087,9.42317E-05,0,0,0,0,0,0,0,0,0,0,0,0,0,0,0,0,0,0,0,0,0.000386634,0,0.000230139,0.000202364,0,0,0,0,0,0,0,0,0,0,0,0,0,0,0,0,0,0
0,0,0,0,0.000250111,0.001033874,0.000454566,0,0.00244255,0.00561523,0,0,0,0,0.004360931,0.00161083,0.009145598,0.728013748,1.978850962,0.926044119,0.823127673,4.027793739,0,3.148242974,3.63533769,0.063348478,0.000110643,3.37273E-05,0.291601833,0.119704343,0.067885467,0.017403443,0.002414909,0.076776306,0.00067984,0.000119925,0.008975409,0.000234745,0,0.127426946,0.00112303,0,0,0,0,0,0,0,0,0,0,0,0,0,0,0,0,0,0,0,0,0.000167673,0,0,6.98636E-05,0,0,0,0,0,0,0,0,0,0,0,0,0,0,0,0,0,0
0.000139153,0.000153113,0,0,0.002954775,0.009433399,0.001781735,5.58857E-05,0.00485981,0.022231402,6.08139E-05,0,0.000450404,0.000360924,0.075174325,0.016152888,0.103919294,0.290680517,1.196699284,0.34936249,0.059082354,0.696420402,3.148242974,0,0.869395143,0.107752292,0.000457177,3.78616E-05,0.099504907,0.055141889,0.100663845,0.008979856,0.000712204,0.019326117,0.002254927,5.6258E-05,0.002972726,0.000228643,1.65544E-05,0.169028934,0.00042741,0,0,0,0,0,0,0,0,0,0,0,0,0,0,0.000213402,0,0,0,0,0.000177164,0.000617836,0,8.75902E-05,0.001308914,0,0,0,0,0,0,0,0,0,0,0.00053549,8.89173E-05,0,0,0,0.000314312,0,9.78091E-05
0,0,0,0,7.48455E-05,0.001105605,0,0,0.000886192,0.004445206,0,0,0,0,0.001817044,0.001926442,0.021651292,0.157271857,1.566758727,0.069083952,0.01447949,0.287404097,3.63533769,0.869395143,0,0.208424577,0.037327262,0.009024291,1.149899781,0.907396138,0.593587186,0.317778621,0.003226581,0.229878654,0.001538488,0.00023954,0.015069302,0.000165311,0,0.342639298,0.080796044,0,0,0,0,0,0,0,0,0,0,0,0,0,0,0,0,0,0,0,0,0,0,0,0,0,0,0,0,0,0,0,0,0,0,0,0,0,0,0,0,0,0
0,0,0,0,3.44955E-05,0.000219498,4.18062E-05,0,2.51869E-05,0.000350217,0,0,0.000524408,0.000468598,0.031249898,0.00061619,0.014016006,0.012795854,0.205404344,0.025902769,0.000511967,0.001003519,0.063348478,0.107752292,0.208424577,0,0.100366824,0.00015243,0.14758571,0.133623091,0.151180507,0.048890583,0.000459344,0.010649252,0.029200868,0.000706696,0.000541776,0.002126427,0.003043013,0.373743548,0.005633473,0,0,0,0,0,0,0,0,0,0,0,0,0,0,0,0,0,0,0,0,0,0,0,0,0,0,0,0,0,0,0,0,0,0,0.000102957,0,0,0,0,0,0,0.001196544
0,0,0,0,0,0,0,0,0,0,0,0,0,0,0,0,2.58526E-05,2.48667E-05,0.001962224,0,0,0,0.000110643,0.000457177,0.037327262,0.100366824,0,0.005882936,0.059666853,0.021822527,0.001809754,0.024309902,0.00012246,0.051637748,9.46539E-05,0,0.00161321,0,9.31515E-05,0.147874644,0.018462718,0,0,0,0,0,0,0,0,0,0,0,0,0,0,0,0,0,0,0,0,0,0,0,0,0,0,0,0,0,0,0,0,0,0,0,0,0,0,0,0,0,0
0,0,0,0,0,0,0,0,0,0,0,0,0,0,0,0,0,0,0.000610897,0,0,0,3.37273E-05,3.78616E-05,0.009024291,0.00015243,0.005882936,0,0.015572286,0.010284236,0.001575882,0.03704188,0,0.09845228,0,0,0.005785268,0.000226804,0,0.00946317,0.055601894,0,0,0,0,0,0,0,0,0,0,0,0,0,0,0,0,0,0,0,0,0,0,0,0,0,0,0,0,0,0,0,0,0,0,0,0,0,0,0,0,0,0
6.88617E-05,0,0,2.16153E-05,0,0.000130277,0.000156395,2.21037E-05,2.83504E-05,0.000342593,0,0,0,0,0.000530953,0.000303221,0.006024564,0.014714796,0.639511655,0.00771048,0.000482893,0.011170144,0.291601833,0.099504907,1.149899781,0.14758571,0.059666853,0.015572286,0,3.385663657,1.305420142,0.609763945,0.003435742,0.465087478,0.002155944,0,0.020056753,0.000512464,0,0.398559879,0.407581863,0,0,0,0,0,0,0,0,0,0,0,0,0,0,0,0,0,0,0,0,0,0,0,0,0,0,0,0,0,0,0,0,0,0,0,0,0,0,0,0,0,0
2.8838E-05,0,0,0,0,0,0,0,0,4.68546E-05,0,0,0,0,0.000547632,0.000212105,0.00445386,0.006387801,0.343497721,0.003026951,0,0.002365169,0.119704343,0.055141889,0.907396138,0.133623091,0.021822527,0.010284236,3.385663657,0,0.833190401,0.830217372,0.009688378,0.374443719,0.001733374,0.000135288,0.014319811,0.000315883,0,0.467807327,0.133954268,0,0,0,0,0,0,0,0,0,0,0,0,0,0,0,0,0,0,0,0,0,0,0,0,0,0,0,0,0,0,0,0,0,0,0,0,0,0,0,0,0,0
0,0,0,2.47618E-05,2.91243E-05,0.000794472,1.92096E-05,2.57392E-05,0.000105809,0.002996832,0.00133467,2.11861E-05,0,0.002839125,0.00834962,0.004685957,0.306951756,0.174943737,0.798633304,0.041422131,5.38399E-05,0.002203632,0.067885467,0.100663845,0.593587186,0.151180507,0.001809754,0.001575882,1.305420142,0.833190401,0,0.860184642,0.130735076,0.39805927,0.016460297,0.002333405,0.036485655,0.003306806,0,0.949089865,0.00998017,0,0,0,0,0,0,0,0,0,0,0,0,0,0,0.000142889,0,0,0,0,0,0,0,0,0,0,0,0,0,0,0,0,0,0,0,4.63917E-05,0,0,0,0,0,0,0
0,0,0,0,0,3.18078E-05,0,0,0.000218599,0.002499902,0.000834344,0,0,0.001083702,0.001480143,0.005821273,0.1413492,0.057310692,0.667077017,0.008550642,0,0.000768104,0.017403443,0.008979856,0.317778621,0.048890583,0.024309902,0.03704188,0.609763945,0.830217372,0.860184642,0,0.432318527,0.643946418,0.050252951,0.001779314,0.084334679,0.012455948,0,1.088032632,0.101890667,0,0,0,0,0,0,0,0,0,0,0,0,0,0,6.6688E-05,0,0,0,0,0,0,0,0,0,0,0,0,0,0,0,0,0,0,0,0,0,0,0,0,0,0,0.000602772
0,0,0,0,0,0.000395335,3.48282E-05,0,0,0.001280976,0.000260633,0,0,0.000754594,0.002977758,0.003149113,0.035076479,0.061872158,0.312285064,0.008571477,4.71369E-05,0.00023803,0.002414909,0.000712204,0.003226581,0.000459344,0.00012246,0,0.003435742,0.009688378,0.130735076,0.432318527,0,0.043247786,0.093791021,0.007549422,0.081801532,0.015877854,0,0.123796893,0.007924083,0,0,0,0,0,0,0,0,0,0,0,0,0,0,7.77291E-05,0,0,0,0,0,0,0,0,0,0,0,0,0,0,0,0,0,0,0,0.00040911,3.93862E-05,0,0,0,4.75186E-05,0,0.000514959
0.290707151,0.010914093,0,0.015807871,0.095035829,0.635454926,0.674684337,0.187861839,1.018627583,1.743398729,0.02810625,0.064965049,0.071072463,0.086701757,0.045731418,0.468026097,0.829718662,0.590960145,1.601288228,0.097849437,0.000511155,0.00476846,0.076776306,0.019326117,0.229878654,0.010649252,0.051637748,0.09845228,0.465087478,0.374443719,0.39805927,0.643946418,0.043247786,0,0.846173593,0.345424778,4.721372712,0.188467788,0.011627809,1.463359284,1.72292471,0,0,0,0,0,0,0,3.02502E-05,0,3.08871E-05,3.74987E-05,0,9.62057E-05,3.53527E-05,0.002529675,0,0,0,0,0,0,0,0,0,0,0,0,0,0,0,0,0,0,0.000276022,0.009526883,0.00321364,9.50923E-05,0,0.000104871,0.000143377,0,0.006180726
0.000947509,2.2924E-05,0,0.000626614,0.000268057,0.009676997,0.002161962,0.012408743,0.033960737,0.765778058,0.035591894,0.00232568,0.006349367,0.559856001,0.360007856,0.21765903,0.333455559,0.067456446,0.029976404,0.057808972,0,0,0.00067984,0.002254927,0.001538488,0.029200868,9.46539E-05,0,0.002155944,0.001733374,0.016460297,0.050252951,0.093791021,0.846173593,0,1.275536795,1.086893945,0.542806759,0.331903748,3.515147348,0.323890183,0,0,0,0.000927783,0,0,0,0,2.72322E-05,0,0,0.000987967,0.00119267,0.057672802,0.047151984,7.87866E-05,0.001697715,0.000703734,0,0,0,0,0,0,0,0,0,0,0,0,0,0.000195073,0,0.002181959,1.951857478,0.099605478,0.001175306,0.018155581,0.047728336,0.022660167,0.000358907,2.145770575
0.707909905,0.000797858,0.001278544,0.755741112,0.137017547,0.640161949,1.300838099,1.286103185,1.690918594,1.429422655,0.036215793,2.799378805,3.328489141,2.302888742,0.576148545,0.280809764,0.577888972,0.085134362,0.005736002,0.06019572,0,0,0.000119925,5.6258E-05,0.00023954,0.000706696,0,0,0,0.000135288,0.002333405,0.001779314,0.007549422,0.345424778,1.275536795,0,3.470044245,3.017971505,0.130637627,0.626096376,0.18409252,0.001207074,0,0,0.00145573,0.00216154,0.002662442,0.006878244,0.000975492,0.003247571,0.000654784,0,0.217043378,0.330085939,0.116835071,0.020153126,5.1934E-05,0.000675469,0.000597716,0.000116722,1.61224E-05,0,0,0,0,0,0,0,0,0,0,0,0.000200155,0,0.003358484,0.287522421,7.085329072,0.017760709,0.002757127,0.19331624,0.003721553,0.000153232,0.054280833
3.264549892,0.011524933,0.003055063,0.917815902,0.204329714,1.614491664,2.735910436,0.911599148,2.781537815,6.288367591,0.109876881,1.105412172,0.292896573,0.626129883,0.04953903,1.346964946,0.915552558,0.644858056,0.214684162,0.083266196,3.22448E-05,0.001784522,0.008975409,0.002972726,0.015069302,0.000541776,0.00161321,0.005785268,0.020056753,0.014319811,0.036485655,0.084334679,0.081801532,4.721372712,1.086893945,3.470044245,0,0.587568389,0.082884589,0.265326418,0.335828523,0,0,0,0,0,0,0.000133947,0,0,0,0,0.005147318,0.000395892,0.000273299,0.000489117,0,0,0,0,0,0,0,0,0,0,0,0,0,0,0,0,0,0,0,0.002705332,0.026859344,0.000577708,0.00073907,0.001365564,0.000124863,5.3594E-05,0.010428928
0.006807639,7.29012E-05,0,0.001611052,0.001703872,0.117398047,0.016487868,0.04536838,0.161307776,0.863880421,0.020618395,0.00834907,0.005033435,0.152909231,0.006155665,0.185566589,0.119471554,0.058432413,0.007584919,0.008289694,0,3.45208E-05,0.000234745,0.000228643,0.000165311,0.002126427,0,0.000226804,0.000512464,0.000315883,0.003306806,0.012455948,0.015877854,0.188467788,0.542806759,3.017971505,0.587568389,0,0.168000093,0.654778162,0.195791691,0,0,0,0,0,0,0,0,0,0,0,0.000140144,0,0,0,0,0,0,0,0,0,0,0,0,0,0,0,0,0,0,0,0,0,0,0.050237138,0.010168332,0.000190637,0.066897872,0.044078517,0.001169126,0.000551524,0.07018432
0.201693599,9.4654E-05,0.00012884,0.134734644,0.004764363,0.000838222,0.010619366,0.001642591,0,3.99221E-05,0,0.217317782,0.025096903,0.03942105,0.000589903,0,0,1.54843E-05,0,0.000353928,0,0,0,1.65544E-05,0,0.003043013,9.31515E-05,0,0,0,0,0,0,0.011627809,0.331903748,0.130637627,0.082884589,0.168000093,0,0.271668324,0.075324776,7.02819E-05,0,0,0.001445848,0,0,5.64283E-05,0,0,0,0,0.025053945,0.001187341,0.017744974,0.000816612,0,0,0,0,4.18435E-05,0,0,0,0,0,7.15676E-05,0,0,0,0,0,0,0,0.000139339,0.050174133,0.076323283,0.0010107,0.018577224,0.036363351,0.002788496,0.001432381,0.1781152
0.000224908,7.87813E-05,0,0.000674092,0.000788453,0.011323581,0.000708763,0.002079319,0.00820082,0.075226779,0.003255822,0.005166468,0.011126434,0.0592698,0.744263336,0.050280657,0.526035225,0.111832895,0.989042671,0.600259632,0.000478944,0.003297087,0.127426946,0.169028934,0.342639298,0.373743548,0.147874644,0.00946317,0.398559879,0.467807327,0.949089865,1.088032632,0.123796893,1.463359284,3.515147348,0.626096376,0.265326418,0.654778162,0.271668324,0,0.194564401,0,0,0,6.11307E-05,0,0,1.75442E-05,0,0,0,0,0,0,0,0.016644889,0,6.96032E-05,0,3.04859E-05,6.44895E-05,0,0,0,0,0,0,0,0,0,0,0,3.97867E-05,0,0.001246369,0.090237113,0.010222317,0.000302064,0.00097072,0.00100789,0.026056815,0,0.174267818
0.005676909,0,0,0.000167673,0,0.001496092,7.62003E-05,0.000173744,0.003116025,0.006380906,0,0,0,0.001220612,0.000131047,0.001691167,0.008443129,0.000680032,0.008284882,0.000408455,3.58932E-05,9.42317E-05,0.00112303,0.00042741,0.080796044,0.005633473,0.018462718,0.055601894,0.407581863,0.133954268,0.00998017,0.101890667,0.007924083,1.72292471,0.323890183,0.18409252,0.335828523,0.195791691,0.075324776,0.194564401,0,0,0,0,0.000208782,0,0,0,0,0,0,0,0,0,0,0,0,0,0,0,0,0,0,0,0,0,0,0,0,0,0,0,0,0,0,0.002222837,8.59511E-05,0,0.001299791,0.00154179,0.000202993,0.000571379,0.051435632
0,0,0,0,0,0,0,0,0,1.64616E-05,0,0.000584524,0,0,0,0,0,0,0,0,0,0,0,0,0,0,0,0,0,0,0,0,0,0,0,0.001207074,0,0,7.02819E-05,0,0,0,0.269285189,0.012541077,1.408650223,1.99763942,0.085746523,2.661479867,0.384172845,0.174429601,0.02947663,0.006083816,0.485115294,0.007291998,0.004569882,0.001004722,0.002645523,0.005631273,0.025545394,0.001112855,0.01447961,0,0.000225605,4.06598E-05,0.000699442,2.88444E-05,0,0,0,0,0,0,0.000888862,9.00092E-05,0.184877374,0.001090981,0.745034653,2.625023048,0.008441656,0.30052442,0.001175696,0.009845152,0
0,0,0,0,0,0,0,0,0,0,0,0,0,0,0,0,0,0,0,0,0,0,0,0,0,0,0,0,0,0,0,0,0,0,0,0,0,0,0,0,0,0.269285189,0,5.92782E-05,0.004346853,0.42686528,0.012699438,0.458239517,0.002335552,0.015568009,0.003151036,4.5848E-05,0.00297393,6.27652E-05,0.000124564,8.94429E-05,0.000140007,0.001074552,0.000928049,0.000106445,0.000439424,0,1.85127E-05,0,0.000115459,0,1.88396E-05,0,0,0,0,0,0.000249375,0,0.002544464,0.000142391,0.001586949,0.005314374,2.52955E-05,5.86854E-05,7.79632E-05,0,0
0,0,0,0,0,0,0,0,0,0,0,0,0,0,0,0,0,0,0,0,0,0,0,0,0,0,0,0,0,0,0,0,0,0,0,0,0,0,0,0,0,0.012541077,5.92782E-05,0,0.069056693,0.000899955,0.000124642,0.008585087,0.019487315,0.000209744,0,0.000118893,0.005052991,2.37593E-05,0.000263046,0,0,0,0,0,0,0,0,0,0,0,0,0,0,0,0,0,0,0,0.000157193,0,0.00061074,0.003134331,0,0.00027967,0,0,0
0,0,0,0,0,0,0,0,0,0,0,0.000447601,0.000103868,0,0,0,0,0,0,0,0,0,0,0,0,0,0,0,0,0,0,0,0,0,0.000927783,0.00145573,0,0,0.001445848,6.11307E-05,0.000208782,1.408650223,0.004346853,0.069056693,0,0.178727998,0.011020832,1.336165334,0.807510597,0.02192151,0.002390121,0.003328832,0.307495178,0.017958614,0.008989198,0.002495148,0.000860357,0.000537979,0.003410858,0.00027044,0.002896005,0,3.02114E-05,0,1.86896E-05,1.74659E-05,0,0,0,0,0,0,2.12244E-05,0,0.028447632,0.005303863,0.900069312,0.92222665,0.004329041,0.172332316,0.001487876,0.001856908,0.001367473
0,0,0,0,7.70909E-05,0,0,0,0,0,0,0.000171993,0.000364097,0,0,0,0,0,0,0,0,0,0,0,0,0,0,0,0,0,0,0,0,0,0,0.00216154,0,0,0,0,0,1.99763942,0.42686528,0.000899955,0.178727998,0,1.216543099,2.863920066,0.324705032,0.11597637,0.043761892,0.000389342,0.379464214,0.038325275,0.000842022,0.000777234,0.005792972,0.025626587,0.007875422,0.00136201,0.003159781,0,0,6.06453E-05,0.002049362,0.000129773,4.54496E-05,0,0,0.000102097,0,0,0.001895029,0.000312506,0.07981159,0.001885276,0.114497157,0.147900623,0.00139179,0.00191641,0.004754961,0,0
0,0,0,0,6.48775E-05,0,2.8627E-05,0,0,0,0,0,0.00060378,0,2.61989E-05,0,0,0,0,0,0,0,0,0,0,0,0,0,0,0,0,0,0,0,0,0.002662442,0,0,0,0,0,0.085746523,0.012699438,0.000124642,0.011020832,1.216543099,0,0.936829014,0.327067568,0.254098561,0.625011783,0.001149486,0.093705227,0.163227138,0.004685554,0.00321686,0.10717468,0.21466577,0.016787717,0.007713247,0.007234936,0.000144262,0.000695707,0.000117724,0.009506573,0.001358542,0.000581359,0,0,0.000153534,2.72322E-05,0.000468287,0.017446557,0.000545486,0.54134674,0.015643496,0.510360127,0.975666646,0.044234613,0.001144597,0.034880535,0.000343293,7.83779E-05
4.46277E-05,0,0,0,0.00011161,3.2877E-05,2.89805E-05,0,0,0,0,0.001233771,0.000940435,0,0.000331543,0,0,0,0,0,0,0,0,0,0,0,0,0,0,0,0,0,0,0,0,0.006878244,0.000133947,0,5.64283E-05,1.75442E-05,0,2.661479867,0.458239517,0.008585087,1.336165334,2.863920066,0.936829014,0,3.666485406,1.909213406,0.139083319,0.030853163,1.289807033,0.493965233,0.028062088,0.003531633,0.014353452,0.025180426,0.078247177,0.007895548,0.046110961,0.000153453,0.001034412,0.000663833,0.003079734,0.000174941,0.000178207,0,0,8.16848E-05,0,0.000335714,0.001710881,8.92177E-05,0.730222133,0.008330105,1.36429839,1.841306069,0.032004188,0.018852538,0.005247778,0.000219202,0
0,0,0,0,0,0,0,0,0,0,0,0.000334489,0.000712175,8.80832E-05,0.000678126,0,0,0,0,7.04225E-05,0,0,0,0,0,0,0,0,0,0,0,0,0,3.02502E-05,0,0.000975492,0,0,0,0,0,0.384172845,0.002335552,0.019487315,0.807510597,0.324705032,0.327067568,3.666485406,0,2.567265618,1.877061053,2.119877557,1.105367923,1.880616147,0.765029756,0.01209015,0.126571813,0.006437807,0.16250178,0.001851043,0.088168867,0.000104504,4.71037E-05,0.000321573,0.000285162,2.59097E-05,4.4083E-05,0,0,0,0,0,0.000142117,0,0.232378551,0.030920861,1.798640101,0.989731786,0.034401084,0.002659821,0.000663101,6.25978E-05,0.000140033
0,0,0,0,0,7.38364E-05,0.000164569,0,3.58933E-05,3.21564E-05,0,0,0.000684385,8.15076E-05,0,0,0,0,0,0,0,0,0,0,0,0,0,0,0,0,0,0,0,0,2.72322E-05,0.003247571,0,0,0,0,0,0.174429601,0.015568009,0.000209744,0.02192151,0.11597637,0.254098561,1.909213406,2.567265618,0,2.969388985,0.228437601,0.083787456,0.772103435,0.287789882,0.005954874,0.229059106,0.099262193,0.370984683,0.044116198,0.155608593,0.000502918,0.004725955,0.006768276,0.026898741,0.003599346,0.001880949,0,0,0.000243463,0,0.001681548,0.005960327,3.2603E-05,0.769981824,0.140277984,2.593700568,3.53621928,0.182250977,0.001397822,0.027398034,0.002021094,0.000114205
0,0,0,0,0,0,0,0,0,0,0.000227702,2.03064E-05,0,0.0001427,0,0,0,0,0,0,0,0,0,0,0,0,0,0,0,0,0,0,0,3.08871E-05,0,0.000654784,0,0,0,0,0,0.02947663,0.003151036,0,0.002390121,0.043761892,0.625011783,0.139083319,1.877061053,2.969388985,0,4.422391679,0.011135141,0.052202499,0.939253461,0.016372164,3.140829203,1.74141552,1.629746096,0.079078672,0.386702863,0.001328227,0.005075161,0.006601829,0.044734662,0.006406038,0.005444634,0,0,0.001192484,9.15068E-05,0.006251205,0.024927974,0.001379796,1.998473733,1.58006796,1.722696499,6.001617457,0.77971061,0.000238016,0.064062358,0.002499325,0
0,0,0,0,0,0,0,0,0,0.000991836,0.000213402,0,0,0,0,0.000192411,0,0.000195618,0,0,0,0,0,0,0,0,0,0,0,0,0,0,0,3.74987E-05,0,0,0,0,0,0,0,0.006083816,4.5848E-05,0.000118893,0.003328832,0.000389342,0.001149486,0.030853163,2.119877557,0.228437601,4.422391679,0,0.018350965,0.0390967,0.092495351,0.005383942,0.901677065,0.164193664,0.841644332,0.001562302,0.288584661,0,0,0,0,0,0,0,0,0,0,0,0.000785056,0,0.02051802,0.088829792,0.045778674,0.099882794,0.022967036,3.38658E-05,9.64795E-05,0,0
0.000444598,0,0,0.000671012,0.000305797,0,0.000620785,0.000192047,0,0,0,0.008729831,0.014929903,0.000488202,0,0,0,0,0,0,0,0,0,0,0,0,0,0,0,0,0,0,0,0,0.000987967,0.217043378,0.005147318,0.000140144,0.025053945,0,0,0.485115294,0.00297393,0.005052991,0.307495178,0.379464214,0.093705227,1.289807033,1.105367923,0.083787456,0.011135141,0.018350965,0,0.653316617,0.285409964,0.093650204,0.001881866,0.001227596,0.009825899,0.000763608,0.0159616,0,2.07369E-05,0,0.000318162,0,0.000213447,0,0,0,0,0,6.91321E-05,0,0.205953197,0.005214652,3.22239583,1.342712435,0.016873165,0.185735088,0.009350479,0.000280196,0.000106276
0,0,0,0,4.60278E-05,0.000428751,0.001122066,0.000104123,0.000985347,9.87164E-05,0,0.015813945,0.008321287,0.002106059,9.89081E-05,4.54926E-05,0,0,0,3.45209E-05,0,0,0,0,0,0,0,0,0,0,0,0,0,9.62057E-05,0.00119267,0.330085939,0.000395892,0,0.001187341,0,0,0.007291998,6.27652E-05,2.37593E-05,0.017958614,0.038325275,0.163227138,0.493965233,1.880616147,0.772103435,0.052202499,0.0390967,0.653316617,0,0.761678258,0.1087652,0.004563986,0.001024673,0.008820919,0.000523103,0.020247849,0,0,0.000127002,2.11479E-05,0,0.00023096,0,0,0,0,0,2.7044E-05,0,0.100746704,0.010602207,4.005202914,0.444519694,0.010167247,0.032136815,0.007939904,0,5.50391E-05
0,0,0,0,0,0,0,0,0.000109949,0.000174182,0,0.002631283,0.002974718,0.018887152,0.002833854,0.000128979,9.94436E-05,0,0,7.0599E-05,0,0,0,0,0,0,0,0,0,0,0,0,0,3.53527E-05,0.057672802,0.116835071,0.000273299,0,0.017744974,0,0,0.004569882,0.000124564,0.000263046,0.008989198,0.000842022,0.004685554,0.028062088,0.765029756,0.287789882,0.939253461,0.092495351,0.285409964,0.761678258,0,0.33821194,0.40082467,0.562731213,0.538840985,0.004373201,0.226240902,0,0,0,0.000122509,0,0.000174233,0,0,0,0,0,0.002279606,0,0.073441589,0.945023144,2.913356331,0.615955446,0.182983407,0.017602189,0.035112376,0.000207357,0.000444816
0,0,0,1.59471E-05,0,0,0,1.99951E-05,0,0.000145406,0,5.36119E-05,0.000147954,0.001326385,0.027356351,0,0.001610962,0.001132918,0.000121334,0.000723143,0,0,0,0.000213402,0,0,0,0,0,0,0.000142889,6.6688E-05,7.77291E-05,0.002529675,0.047151984,0.020153126,0.000489117,0,0.000816612,0.016644889,0,0.001004722,8.94429E-05,0,0.002495148,0.000777234,0.00321686,0.003531633,0.01209015,0.005954874,0.016372164,0.005383942,0.093650204,0.1087652,0.33821194,0,0.044331216,0.245808419,0.74238335,0.068827968,1.185051792,0.004784869,0.006968528,0.019587209,0.135326321,0.00682079,0.080950191,0,0,0.00037915,0.000279975,0.001336926,0.020863442,0.001408293,0.072330375,0.776699051,0.556635591,0.072378408,0.030959551,0.002411383,0.859973487,0.000112007,0.007088784
0,0,0,0,0,0,0,0,0,0,0,0,0,0.000292179,0,0,0,0,0,0,0,0,0,0,0,0,0,0,0,0,0,0,0,0,7.87866E-05,5.1934E-05,0,0,0,0,0,0.002645523,0.000140007,0,0.000860357,0.005792972,0.10717468,0.014353452,0.126571813,0.229059106,3.140829203,0.901677065,0.001881866,0.004563986,0.40082467,0.044331216,0,2.196382706,1.000619628,0.048784939,0.213009688,0.00035792,0.002321929,0.004943173,0.013923036,0.002550972,0.000826604,3.68512E-05,0,0.000866952,8.08206E-05,0.002566042,0.014703851,0.001456477,1.027454753,0.512249389,0.335688365,1.370376377,0.207506632,0,0.021686561,0.000371731,0
0,0,0,0,0,0,0,0,0,0,0,0,0,0,0.000408746,0,0.000105895,7.72177E-05,6.5206E-05,0,0,0,0,0,0,0,0,0,0,0,0,0,0,0,0.001697715,0.000675469,0,0,0,6.96032E-05,0,0.005631273,0.001074552,0,0.000537979,0.025626587,0.21466577,0.025180426,0.006437807,0.099262193,1.74141552,0.164193664,0.001227596,0.001024673,0.562731213,0.245808419,2.196382706,0,2.762872137,1.432315145,0.437300319,0.001073828,0.014467471,0.017974566,0.077399716,0.038124502,0.014526884,0.000509454,0.000224135,0.019778984,0.005448734,0.097941598,0.268334859,0.010132727,1.020328041,0.394081064,0.521907317,0.380019033,0.09256862,1.88699E-05,0.242764838,0.000975025,0.000163746
0,0,0,0,0,0,0,0,0,0,0,0,0,0,6.55704E-05,0,7.57334E-05,0,2.33342E-05,0.000183392,0,0,0,0,0,0,0,0,0,0,0,0,0,0,0.000703734,0.000597716,0,0,0,0,0,0.025545394,0.000928049,0,0.003410858,0.007875422,0.016787717,0.078247177,0.16250178,0.370984683,1.629746096,0.841644332,0.009825899,0.008820919,0.538840985,0.74238335,1.000619628,2.762872137,0,1.49145046,9.233134432,1.055642703,1.315198061,0.586429841,0.268023607,0.12096938,0.004462047,6.01132E-05,0,0.013246531,0.00203399,0.073985674,0.429980003,0.040524591,1.364249544,0.428683651,0.113896776,0.73809053,0.185829222,1.744E-05,0.065552623,0.000922686,0
0,0,0,0,0,0,0,0,0,0,0,0,0,0,0,0,0,0,0,0,0,0,0,0,0,0,0,0,0,0,0,0,0,0,0,0.000116722,0,0,0,3.04859E-05,0,0.001112855,0.000106445,0,0.00027044,0.00136201,0.007713247,0.007895548,0.001851043,0.044116198,0.079078672,0.001562302,0.000763608,0.000523103,0.004373201,0.068827968,0.048784939,1.432315145,1.49145046,0,1.6042762,0.202289604,0.865046958,1.746840556,1.104916492,1.31320369,0.107885663,0.005149099,0.001836559,0.430254874,0.090016339,0.391332416,1.418085457,0.201049772,1.003194035,0.059927043,0.001855996,0.266265527,0.013328593,0,0.684266252,0.008712101,0.000240059
0,0,0,0,0,0,1.95945E-05,0,0,0,0.000170103,2.42502E-05,0,0,0.001008066,0,0,0,0,0,0,0,0,0.000177164,0,0,0,0,0,0,0,0,0,0,0,1.61224E-05,0,0,4.18435E-05,6.44895E-05,0,0.01447961,0.000439424,0,0.002896005,0.003159781,0.007234936,0.046110961,0.088168867,0.155608593,0.386702863,0.288584661,0.0159616,0.020247849,0.226240902,1.185051792,0.213009688,0.437300319,9.233134432,1.6042762,0,0.151670865,0.309959755,0.499345363,0.339305741,0.057468893,0.026028521,0.000271574,2.11861E-05,0.009080133,0.003115222,0.020225818,0.066903588,0.006378514,0.13366798,0.115538084,0.049856643,0.106516692,0.024344344,0.000463766,0.41035531,8.57258E-05,0.001359536
0,0,0,0,0,0,0,0,0,0,0,0,0,0,0,0,0,0.000221455,0,0,0.000198934,0.000386634,0.000167673,0.000617836,0,0,0,0,0,0,0,0,0,0,0,0,0,0,0,0,0,0,0,0,0,0,0.000144262,0.000153453,0.000104504,0.000502918,0.001328227,0,0,0,0,0.004784869,0.00035792,0.001073828,1.055642703,0.202289604,0.151670865,0,0.894127639,1.006397006,0.08637732,0.021392925,0.00023208,0,0,0.000404757,0,0.000385487,0.000767981,0.001484923,0.000947892,0.000385886,0,0.000594222,5.51037E-05,0,0.003172482,0,0
0,0,0,0,0,0,0,0,0,0,0,0,0,0,0,0,0,0,0,0,0.000209591,0,0,0,0,0,0,0,0,0,0,0,0,0,0,0,0,0,0,0,0,0.000225605,1.85127E-05,0,3.02114E-05,0,0.000695707,0.001034412,4.71037E-05,0.004725955,0.005075161,0,2.07369E-05,0,0,0.006968528,0.002321929,0.014467471,1.315198061,0.865046958,0.309959755,0.894127639,0,4.634571752,1.052027562,0.471719901,0.003697077,2.45546E-05,0,0.015395428,0.004685305,0.009934363,0.002948617,0.001278994,0.006630671,0.001006008,0,0.004118342,0.000225776,0,0.012216876,9.61181E-05,0
0,0,0,0,0,0,0,0,0,0,0,0,0,0,0,0,0,0,0,0,0,0.000230139,0,8.75902E-05,0,0,0,0,0,0,0,0,0,0,0,0,0,0,0,0,0,4.06598E-05,0,0,0,6.06453E-05,0.000117724,0.000663833,0.000321573,0.006768276,0.006601829,0,0,0.000127002,0,0.019587209,0.004943173,0.017974566,0.586429841,1.746840556,0.499345363,1.006397006,4.634571752,0,3.391545812,3.045318288,0.062110006,0.002537706,0.000379334,0.212095653,0.089292092,0.178800664,0.044488446,0.010043804,0.085928514,0.002491795,0,0.030399654,0.000637795,0,0.190141827,0.002072317,0
0,0,0,0,0,0,0,0,0,0,0,0,0,0,0.000119529,0,0,0,0,0,0,0.000202364,6.98636E-05,0.001308914,0,0,0,0,0,0,0,0,0,0,0,0,0,0,0,0,0,0.000699442,0.000115459,0,1.86896E-05,0.002049362,0.009506573,0.003079734,0.000285162,0.026898741,0.044734662,0,0.000318162,2.11479E-05,0.000122509,0.135326321,0.013923036,0.077399716,0.268023607,1.104916492,0.339305741,0.08637732,1.052027562,3.391545812,0,1.164356588,0.118766635,0.000332336,0.000340572,0.15947436,0.041377251,0.166221165,0.05813865,0.002942365,0.032030905,0.002553303,0.000187822,0.007665569,0.000196755,0,0.204693798,0.000458974,0.001121443
0,0,0,0,0,0,0,0,0,0,0,0,0,0,0,0,0,0,0,0,0,0,0,0,0,0,0,0,0,0,0,0,0,0,0,0,0,0,0,0,0,2.88444E-05,0,0,1.74659E-05,0.000129773,0.001358542,0.000174941,2.59097E-05,0.003599346,0.006406038,0,0,0,0,0.00682079,0.002550972,0.038124502,0.12096938,1.31320369,0.057468893,0.021392925,0.471719901,3.045318288,1.164356588,0,0.183023593,0.055138744,0.038547937,1.502211778,0.914842684,1.260657671,0.499610006,0.012331149,0.138908361,0.00398164,0,0.031197255,0.000642688,0,0.449435426,0.109862957,0.000170491
0,0,0,0,0,0,0,0,0,0,0,0,0,0,6.94502E-05,0,0,0,0,0,0,0,0,0,0,0,0,0,0,0,0,0,0,0,0,0,0,0,7.15676E-05,0,0,0,1.88396E-05,0,0,4.54496E-05,0.000581359,0.000178207,4.4083E-05,0.001880949,0.005444634,0,0.000213447,0.00023096,0.000174233,0.080950191,0.000826604,0.014526884,0.004462047,0.107885663,0.026028521,0.00023208,0.003697077,0.062110006,0.118766635,0.183023593,0,0.136872744,0.002719281,0.133080909,0.064115497,0.153036803,0.09499927,0.002743054,0.011172484,0.006659245,0.000202085,0.001715417,0.000165761,0,0.448499142,0.004521684,0.00700962
0,0,0,0,0,0,0,0,0,0,0,0,0,0,0,0,0,0,0,0,0,0,0,0,0,0,0,0,0,0,0,0,0,0,0,0,0,0,0,0,0,0,0,0,0,0,0,0,0,0,0,0,0,0,0,0,3.68512E-05,0.000509454,6.01132E-05,0.005149099,0.000271574,0,2.45546E-05,0.002537706,0.000332336,0.055138744,0.136872744,0,0.034204379,0.071808244,0.032291167,0.022850382,0.09819166,0.001920253,0.1152666,0.000313455,0,0.017330818,8.09454E-05,0,0.245044031,0.11073815,0.000209591
0,0,0,0,0,0,0,0,0,0,0,0,0,0,0,0,0,0,0,0,0,0,0,0,0,0,0,0,0,0,0,0,0,0,0,0,0,0,0,0,0,0,0,0,0,0,0,0,0,0,0,0,0,0,0,0,0,0.000224135,0,0.001836559,2.11861E-05,0,0,0.000379334,0.000340572,0.038547937,0.002719281,0.034204379,0,0.030846858,0.028512266,0.012695495,0.11421771,0.00096438,0.135564462,9.0112E-05,0,0.025699257,0,0,0.060497095,0.329451896,0
0,0,0,0,0,0,0,0,0,0,0,0,0,0,0,0,0,0,0,0,0,0,0,0,0,0,0,0,0,0,0,0,0,0,0,0,0,0,0,0,0,0,0,0,0,0.000102097,0.000153534,8.16848E-05,0,0.000243463,0.001192484,0,0,0,0,0.00037915,0.000866952,0.019778984,0.013246531,0.430254874,0.009080133,0.000404757,0.015395428,0.212095653,0.15947436,1.502211778,0.133080909,0.071808244,0.030846858,0,2.371021708,1.726440663,0.545344139,0.008446052,0.206234318,0.001583732,5.67502E-05,0.027392476,7.98441E-05,0,0.442271894,0.266043922,0
0,0,0,0,0,0,0,0,0,0,0,0,0,0,0,0,0,0,0,0,0,0,0,0,0,0,0,0,0,0,0,0,0,0,0,0,0,0,0,0,0,0,0,0,0,0,2.72322E-05,0,0,0,9.15068E-05,0,0,0,0,0.000279975,8.08206E-05,0.005448734,0.00203399,0.090016339,0.003115222,0,0.004685305,0.089292092,0.041377251,0.914842684,0.064115497,0.032291167,0.028512266,2.371021708,0,0.550125128,0.636651598,0.010849701,0.110926477,0.001747103,0,0.01409115,8.325E-05,0,0.302096133,0.092828613,5.64283E-05
0,0,0,0,0,0,0,0,0,0,0,0,0,0,0,0,0,0,0,0,0,0,0,0,0,0,0,0,0,0,0,0,0,0,0,0,0,0,0,0,0,0,0,0,0,0,0.000468287,0.000335714,0,0.001681548,0.006251205,0,0,0,0,0.001336926,0.002566042,0.097941598,0.073985674,0.391332416,0.020225818,0.000385487,0.009934363,0.178800664,0.166221165,1.260657671,0.153036803,0.022850382,0.012695495,1.726440663,0.550125128,0,0.867333,0.113960208,0.30637726,0.012786047,0,0.032358846,0.002644403,0,0.769520243,0.019402669,0.000742948
0,0,0,0,0,0,0,0,0,0,0,0,0,0,4.81028E-05,0,0,0,0,0,0,0,0,0,0,0,0,0,0,0,0,0,0,0,0.000195073,0.000200155,0,0,0,3.97867E-05,0,0.000888862,0.000249375,0,2.12244E-05,0.001895029,0.017446557,0.001710881,0.000142117,0.005960327,0.024927974,0.000785056,6.91321E-05,2.7044E-05,0.002279606,0.020863442,0.014703851,0.268334859,0.429980003,1.418085457,0.066903588,0.000767981,0.002948617,0.044488446,0.05813865,0.499610006,0.09499927,0.09819166,0.11421771,0.545344139,0.636651598,0.867333,0,0.476659692,0.494386049,0.172371885,0.004860226,0.14382404,0.040620944,4.69484E-05,1.70751279,0.13099122,0.004302224
